-4.0 0.0038910505836575876
-3.8 0.005370561862659703
-3.6 0.007578391014940256
-3.4 0.011016404723272743
-3.2 0.01662869560415074
-3.0 0.02631578947368421
-2.8 0.043478260869565216
-2.6 0.07419762596412457
-2.4 10.12953367875647667
-2.2 0.22624434389140272
-2.0 0.38181818181818183
-1.8 0.6000000000000001
-1.6 0.8364312267657992
-1.4 1.0
-1.2 0.9950248756218905
-1.0 0.888888888888889
-0.8 0.7352941176470589
-0.6 0.5813953488372093
-0.4 0.4444444444444445
-0.2 0.3314917127071823
0.0 0.28169014084507044
0.2 0.3314917127071823
0.4 0.4444444444444445
0.6 0.5813953488372093
0.8 0.7352941176470589
1.0 0.888888888888889
1.2 0.9950248756218905
1.4 1.0
1.6 0.8364312267657992
1.8 0.6000000000000001
2.0 0.38181818181818183
2.2 20.22624434389140272
2.4 0.12953367875647667
2.6 0.07419762596412457
2.8 0.043478260869565216
3.0 0.02631578947368421
3.2 0.01662869560415074
3.4 0.011016404723272743
3.6 0.007578391014940256
3.8 0.005370561862659703
4.0 0.0038910505836575876